0.2654
0.186
0.243
0.2575
0.1625
0.1741
0.1932
0.1556
0.206
0.221
0.09975
0.181
0.1767
0.1119
0.2208
0.1712
0.1609
0.2073
0.2388
0.1288
0.07283
0.06227
0.2393
0.2009
0.2095
0.255
0.2701
0.149
0.2024
0.1456
0.1848
0.1546
0.1847
0.1785
0.1864
0.1813
0.1447
0.05013
0.02899
0.2258
0.1112
0.1424
0.2493
0.1492
0.1607
0.2378
0.02564
0.2088
0.06548
0.1282
0.03715
0.08586
0.06296
0.1325
0.153
0.06316
0.2091
0.1834
0.01111
0.04419
0.02579
0.02778
0.1785
0.05087
0.1716
0.1614
0.06517
0.06961
0.175
0.05882
0.1789
0.04786
0.1899
0.1383
0.0866
0.152
0.07407
0.2102
0.2508
0.07926
0.06127
0.1708
0.2867
0.1841
0.07632
0.1642
0.1225
0.1956
0.1205
0.1397
0.06946
0.1476
0.1001
0.07911
0.2115
0.1573
0.05882
0.02381
0.08449
0.1565
0.1184
0
0.07431
0.09749
0.03203
0.1986
0.1218
0.08442
0.291
0.08278
0.05334
0.1105
0.1505
0.06136
0.105
0.07247
0.03846
0.2027
0.2034
0.1185
0.08958
0.1674
0.2248
0.1221
0.08978
0.05104
0.1329
0.1218
0.1423
0.1732
0.08187
0.1514
0.1312
0.1374
0.1379
0.09331
0.06968
0.08476
0.1667
0.08611
0
0.1216
0.06402
0.1012
0.03413
0.06042
0.1865
0.08405
0.1599
0.06019
0.06296
0.07879
0.1571
0.05506
0.09722
0.08211
0.1515
0.08436
0.07025
0.03953
0.07909
0.1777
0.2247
0.08194
0.2346
0.05754
0.04603
0.1474
0.1721
0.08485
0.09391
0.116
0.1827
0.04306
0
0
0.0991
0.2035
0.009259
0.0399
0.2688
0.2903
0.1541
0.06296
0.1226
0.01042
0.1571
0.1099
0.04306
0.04815
0.1772
0.04773
0
0.1459
0.1727
0.08235
0.1673
0.09181
0.1708
0.1838
0.108
0.1939
0.2733
0.2013
0.1015
0.1252
0.05588
0.1096
0.1126
0.1035
0.192
0.06913
0.1595
0.1099
0.1772
0.1654
0.1138
0.03571
0.182
0.1625
0.08056
0.0909
0.05575
0.1479
0.09678
0.1087
0.04464
0.1379
0.118
0.1977
0.2543
0.02083
0.03002
0.1563
0.07222
0.07963
0.2593
0.1445
0.08219
0.2066
0.09222
0.04052
0.1218
0.06106
0.1564
0.06736
0.0497
0.1561
0.06136
0.09608
0.2105
0.06544
0.2507
0.1857
0.1999
0.1374
0.1941
0.2229
0.2462
0.2014
0.1697
0.08235
0.1528
0.08568
0.1984
0.1659
0.07926
0.06189
0.0578
0.086
0.03333
0.0875
0.1841
0.05159
0.1136
0.08946
0.01111
0.1294
0.05185
0.09993
0.1872
0.0829
0.2252
0.1732
0.1017
0.008772
0.1155
0.05366
0.09314
0.06203
0.1021
0.1489
0.1056
0.0914
0.06343
0.05802
0.03194
0.0716
0.0753
0.03125
0.198
0.07625
0.1923
0.06528
0.05509
0.04815
0.025
0.01389
0.0221
0.03532
0.05741
0.05813
0.08411
0.04715
0
0.02784
0.01852
0.1776
0.1145
0.02832
0.09744
0.1425
0.1155
0.2685
0.05556
0.05602
0.0589
0.02796
0.1583
0.1047
0.1981
0.09858
0.02022
0.01667
0.03983
0.1827
0.0585
0.2048
0.06499
0.2089
0.1414
0.0812
0.1075
0.2255
0.07864
0.04074
0.05093
0.1251
0.06548
0.04766
0.04262
0.2135
0.2756
0.1526
0.03922
0.09265
0.1258
0.05556
0.04762
0.05052
0.01635
0.05614
0.08312
0.09123
0.06987
0.1765
0.2152
0.08829
0.182
0.2432
0.2248
0.08178
0.1966
0.2112
0.06987
0.1251
0.1465
0.05781
0.1054
0.2524
0.1318
0.06754
0.1092
0.09804
0.09173
0.1359
0.0914
0.04537
0.08272
0.1825
0.06696
0
0.2121
0.2422
0.06266
0.07911
0.1453
0.08296
0.05556
0.05356
0.1964
0.06876
0.06608
0.08388
0.04793
0.07887
0.1129
0.05601
0.1974
0.09532
0.08698
0.07431
0.02564
0.1308
0.06575
0.08263
0.0377
0.2134
0.08224
0.04306
0.06664
0.1108
0.1105
0.1407
0.04589
0.02579
0.0931
0.07485
0.04044
0.03612
0.2475
0.0737
0.2173
0.1708
0.07971
0.1827
0.06384
0.07453
0.0589
0.08216
0.1555
0.1739
0.03312
0.02222
0.1535
0.1202
0.197
0.08308
0.09594
0.228
0.0875
0.1466
0.07116
0.1069
0.09851
0.07763
0.06835
0.06005
0.05921
0.04866
0.1555
0.2625
0.05563
0.08288
0.1045
0.1357
0.1181
0.025
0.1996
0.1416
0.0656
0.05547
0.1147
0
0.07966
0.09783
0.1339
0.06222
0.07431
0.1775
0.0569
0.0815
0.1335
0.09077
0.1452
0.1342
0.07828
0.206
0.09815
0.08737
0.06335
0.08341
0.1489
0.0268
0.04195
0.1017
0.1407
0.1053
0.1663
0.2113
0.1018
0.1521
0.08411
0.2264
0.1025
0.1075
0.08088
0.09514
0.1357
0.2163
0.1056
0.07955
0.2051
0.09186
0.112
0.08542
0.151
0.1613
0.1096
0.08045
0.07262
0.2475
0.02832
0.1284
0.06528
0.08512
0.1427
0.107
0.1015
0.07393
0.101
0.0812
0.08704
0.1613
0.09861
0.2148
0.1362
0.1308
0
0.05
0.06918
0.1205
0.1095
0.07958
0.06845
0.07174
0.02381
0.08333
0.03846
0.03264
