0.1471 0.2654
0.07017 0.186
0.1279 0.243
0.1052 0.2575
0.1043 0.1625
0.08089 0.1741
0.074 0.1932
0.05985 0.1556
0.09353 0.206
0.08543 0.221
0.03323 0.09975
0.06606 0.181
0.1118 0.1767
0.05364 0.1119
0.08025 0.2208
0.07364 0.1712
0.05259 0.1609
0.1028 0.2073
0.09498 0.2388
0.04781 0.1288
0.0311 0.07283
0.02076 0.06227
0.09756 0.2393
0.08632 0.2009
0.0917 0.2095
0.1401 0.255
0.08783 0.2701
0.07731 0.149
0.08751 0.2024
0.07953 0.1456
0.1244 0.1848
0.05182 0.1546
0.1203 0.1847
0.07593 0.1785
0.07752 0.1864
0.06018 0.1813
0.05598 0.1447
0.02923 0.05013
0.02899 0.02899
0.05439 0.2258
0.02031 0.1112
0.05669 0.1424
0.09961 0.2493
0.06158 0.1492
0.05252 0.1607
0.1009 0.2378
0.005917 0.02564
0.0734 0.2088
0.02749 0.06548
0.03384 0.1282
0.01115 0.03715
0.01723 0.08586
0.01349 0.06296
0.106 0.1325
0.03334 0.153
0.02278 0.06316
0.08994 0.2091
0.08123 0.1834
0.004167 0.01111
0.007799 0.04419
0.0129 0.02579
0.009259 0.02778
0.08653 0.1785
0.0218 0.05087
0.06873 0.1716
0.09029 0.1614
0.01504 0.06517
0.0223 0.06961
0.04375 0.175
0.02864 0.05882
0.07951 0.1789
0.02872 0.04786
0.07944 0.1899
0.05069 0.1383
0.02272 0.0866
0.06638 0.152
0.06556 0.07407
0.108 0.2102
0.1604 0.2508
0.02315 0.07926
0.02233 0.06127
0.06987 0.1708
0.1845 0.2867
0.1469 0.1841
0.01863 0.07632
0.08795 0.1642
0.04938 0.1225
0.08271 0.1956
0.03745 0.1205
0.07064 0.1397
0.02957 0.06946
0.07483 0.1476
0.02648 0.1001
0.0278 0.07911
0.08815 0.2115
0.08683 0.1573
0.02941 0.05882
0.007937 0.02381
0.0335 0.08449
0.05839 0.1565
0.04489 0.1184
0 0
0.0177 0.07431
0.03029 0.09749
0.01201 0.03203
0.09601 0.1986
0.03485 0.1218
0.01921 0.08442
0.1823 0.291
0.01899 0.08278
0.01778 0.05334
0.06021 0.1105
0.07798 0.1505
0.03068 0.06136
0.01924 0.105
0.02008 0.07247
0.02308 0.03846
0.08923 0.2027
0.09479 0.2034
0.05596 0.1185
0.02623 0.08958
0.08665 0.1674
0.2012 0.2248
0.05778 0.1221
0.028 0.08978
0.01141 0.05104
0.03085 0.1329
0.05627 0.1218
0.08534 0.1423
0.1149 0.1732
0.02882 0.08187
0.08087 0.1514
0.05613 0.1312
0.05933 0.1374
0.06847 0.1379
0.02704 0.09331
0.026 0.06968
0.02875 0.08476
0.08624 0.1667
0.04796 0.08611
0 0
0.05943 0.1216
0.01861 0.06402
0.03088 0.1012
0.007875 0.03413
0.03003 0.06042
0.07415 0.1865
0.03562 0.08405
0.05532 0.1599
0.01329 0.06019
0.02645 0.06296
0.02168 0.07879
0.07857 0.1571
0.01786 0.05506
0.03483 0.09722
0.02331 0.08211
0.1054 0.1515
0.02771 0.08436
0.01963 0.07025
0.006588 0.03953
0.03738 0.07909
0.09667 0.1777
0.1286 0.2247
0.02822 0.08194
0.09702 0.2346
0.01939 0.05754
0.01698 0.04603
0.06576 0.1474
0.1043 0.1721
0.03781 0.08485
0.037 0.09391
0.03438 0.116
0.1097 0.1827
0.02583 0.04306
0 0
0 0
0.03716 0.0991
0.08866 0.2035
0.001852 0.009259
0.0133 0.0399
0.1878 0.2688
0.1496 0.2903
0.05189 0.1541
0.02361 0.06296
0.03263 0.1226
0.002404 0.01042
0.05814 0.1571
0.03239 0.1099
0.01553 0.04306
0.01654 0.04815
0.06618 0.1772
0.02864 0.04773
0 0
0.04562 0.1459
0.08878 0.1727
0.02377 0.08235
0.06526 0.1673
0.05778 0.09181
0.06772 0.1708
0.0598 0.1838
0.04107 0.108
0.07488 0.1939
0.162 0.2733
0.09176 0.2013
0.03821 0.1015
0.04079 0.1252
0.01952 0.05588
0.0539 0.1096
0.05102 0.1126
0.03157 0.1035
0.09561 0.192
0.01393 0.06913
0.1595 0.1595
0.06597 0.1099
0.06462 0.1772
0.05602 0.1654
0.03142 0.1138
0.01071 0.03571
0.08691 0.182
0.06637 0.1625
0.02563 0.08056
0.04451 0.0909
0.01915 0.05575
0.06462 0.1479
0.02456 0.09678
0.04603 0.1087
0.01216 0.04464
0.0378 0.1379
0.02036 0.118
0.06861 0.1977
0.109 0.2543
0.003125 0.02083
0.006434 0.03002
0.0834 0.1563
0.01667 0.07222
0.01896 0.07963
0.1237 0.2593
0.06022 0.1445
0.04408 0.08219
0.08811 0.2066
0.03731 0.09222
0.01108 0.04052
0.02854 0.1218
0.02344 0.06106
0.08886 0.1564
0.0307 0.06736
0.01105 0.0497
0.0398 0.1561
0.01615 0.06136
0.02929 0.09608
0.131 0.2105
0.02069 0.06544
0.0974 0.2507
0.08353 0.1857
0.08591 0.1999
0.05246 0.1374
0.1144 0.1941
0.1242 0.2229
0.1377 0.2462
0.08399 0.2014
0.09333 0.1697
0.02837 0.08235
0.07507 0.1528
0.02847 0.08568
0.06527 0.1984
0.08646 0.1659
0.02642 0.07926
0.02142 0.06189
0.01615 0.0578
0.02867 0.086
0.00625 0.03333
0.02755 0.0875
0.1088 0.1841
0.01407 0.05159
0.04744 0.1136
0.07404 0.08946
0.003333 0.01111
0.05843 0.1294
0.01238 0.05185
0.03711 0.09993
0.09664 0.1872
0.02763 0.0829
0.09464 0.2252
0.09052 0.1732
0.0339 0.1017
0.002924 0.008772
0.03791 0.1155
0.01171 0.05366
0.05588 0.09314
0.02173 0.06203
0.06602 0.1021
0.04819 0.1489
0.0337 0.1056
0.0228 0.0914
0.01924 0.06343
0.01917 0.05802
0.01369 0.03194
0.03515 0.0716
0.01374 0.0753
0.01875 0.03125
0.1062 0.198
0.03099 0.07625
0.128 0.1923
0.0178 0.06528
0.01502 0.05509
0.01313 0.04815
0.003261 0.025
0.003472 0.01389
0.004419 0.0221
0.008829 0.03532
0.01148 0.05741
0.01877 0.05813
0.02548 0.08411
0.008907 0.04715
0 0
0.006423 0.02784
0.005051 0.01852
0.0795 0.1776
0.04908 0.1145
0.01699 0.02832
0.03965 0.09744
0.07726 0.1425
0.034 0.1155
0.1504 0.2685
0.01692 0.05556
0.02107 0.05602
0.02733 0.0589
0.005592 0.02796
0.08488 0.1583
0.07981 0.1047
0.07041 0.1981
0.0295 0.09858
0.007583 0.02022
0.002941 0.01667
0.008535 0.03983
0.09934 0.1827
0.02098 0.0585
0.0609 0.2048
0.01775 0.06499
0.141 0.2089
0.04223 0.1414
0.02292 0.0812
0.03341 0.1075
0.1103 0.2255
0.0325 0.07864
0.02037 0.04074
0.008488 0.05093
0.03528 0.1251
0.02322 0.06548
0.01787 0.04766
0.01162 0.04262
0.1242 0.2135
0.1913 0.2756
0.06553 0.1526
0.01471 0.03922
0.04391 0.09265
0.05603 0.1258
0.02088 0.05556
0.02381 0.04762
0.01406 0.05052
0.005449 0.01635
0.02424 0.05614
0.01781 0.08312
0.04835 0.09123
0.01473 0.06987
0.07785 0.1765
0.1265 0.2152
0.02027 0.08829
0.08465 0.182
0.1501 0.2432
0.08773 0.2248
0.02657 0.08178
0.1255 0.1966
0.08941 0.2112
0.02031 0.06987
0.05397 0.1251
0.05941 0.1465
0.01117 0.05781
0.02471 0.1054
0.06367 0.2524
0.0555 0.1318
0.02074 0.06754
0.02978 0.1092
0.0288 0.09804
0.02864 0.09173
0.05271 0.1359
0.02534 0.0914
0.008507 0.04537
0.02757 0.08272
0.1021 0.1825
0.01968 0.06696
0 0
0.09113 0.2121
0.1562 0.2422
0.03326 0.06266
0.03251 0.07911
0.05381 0.1453
0.04083 0.08296
0.007246 0.05556
0.01638 0.05356
0.1198 0.1964
0.01796 0.06876
0.01883 0.06608
0.0239 0.08388
0.02054 0.04793
0.02932 0.07887
0.04528 0.1129
0.01867 0.05601
0.08824 0.1974
0.02653 0.09532
0.021 0.08698
0.0248 0.07431
0.005128 0.02564
0.03876 0.1308
0.02739 0.06575
0.02179 0.08263
0.01257 0.0377
0.08481 0.2134
0.02402 0.08224
0.01076 0.04306
0.01428 0.06664
0.063 0.1108
0.04497 0.1105
0.04812 0.1407
0.01967 0.04589
0.005159 0.02579
0.02218 0.0931
0.01404 0.07485
0.0137 0.04044
0.01835 0.03612
0.09711 0.2475
0.02799 0.0737
0.1259 0.2173
0.08744 0.1708
0.02877 0.07971
0.06463 0.1827
0.0209 0.06384
0.02944 0.07453
0.02293 0.0589
0.02652 0.08216
0.03613 0.1555
0.05736 0.1739
0.009937 0.03312
0.01111 0.02222
0.06254 0.1535
0.04274 0.1202
0.08293 0.197
0.0226 0.08308
0.02925 0.09594
0.1155 0.228
0.02386 0.0875
0.09063 0.1466
0.01945 0.07116
0.06495 0.1069
0.02272 0.09851
0.03264 0.07763
0.02017 0.06835
0.02068 0.06005
0.01762 0.05921
0.01043 0.04866
0.06431 0.1555
0.1689 0.2625
0.01737 0.05563
0.01777 0.08288
0.0287 0.1045
0.02833 0.1357
0.0351 0.1181
0.005769 0.025
0.1002 0.1996
0.05564 0.1416
0.01514 0.0656
0.02377 0.05547
0.03221 0.1147
0 0
0.01571 0.07966
0.03078 0.09783
0.03058 0.1339
0.01339 0.06222
0.01969 0.07431
0.09194 0.1775
0.01527 0.0569
0.0207 0.0815
0.05266 0.1335
0.0316 0.09077
0.06211 0.1452
0.04846 0.1342
0.02791 0.07828
0.1194 0.206
0.03132 0.09815
0.02307 0.08737
0.01261 0.06335
0.04178 0.08341
0.07762 0.1489
0.01149 0.0268
0.01256 0.04195
0.04951 0.1017
0.05074 0.1407
0.02369 0.1053
0.09183 0.1663
0.1121 0.2113
0.06142 0.1018
0.06759 0.1521
0.03279 0.08411
0.1003 0.2264
0.05252 0.1025
0.07038 0.1075
0.02166 0.08088
0.04268 0.09514
0.04563 0.1357
0.0852 0.2163
0.02639 0.1056
0.02541 0.07955
0.08172 0.2051
0.04349 0.09186
0.04335 0.112
0.02594 0.08542
0.09451 0.151
0.09431 0.1613
0.05303 0.1096
0.02995 0.08045
0.02421 0.07262
0.1471 0.2475
0.005664 0.02832
0.03783 0.1284
0.02416 0.06528
0.0151 0.08512
0.03152 0.1427
0.02647 0.107
0.06615 0.1015
0.02798 0.07393
0.0444 0.101
0.02157 0.0812
0.0188 0.08704
0.1015 0.1613
0.02788 0.09861
0.1322 0.2148
0.06139 0.1362
0.04531 0.1308
0 0
0.01364 0.05
0.02594 0.06918
0.0389 0.1205
0.03027 0.1095
0.03275 0.07958
0.02369 0.06845
0.02443 0.07174
0.005495 0.02381
0.02438 0.08333
0.009615 0.03846
0.00816 0.03264

