0.1471 0.04904 0.05373 0.7119 0.2654
0.07017 0.01308 0.0186 0.2416 0.186
0.1279 0.04006 0.03832 0.4504 0.243
0.1052 0.07458 0.05661 0.6869 0.2575
0.1043 0.02461 0.05688 0.4 0.1625
0.08089 0.03345 0.03672 0.5355 0.1741
0.074 0.01382 0.02254 0.3784 0.1932
0.05985 0.03029 0.02488 0.2678 0.1556
0.09353 0.03502 0.03553 0.539 0.206
0.08543 0.07217 0.07743 1.105 0.221
0.03323 0.009269 0.01101 0.1459 0.09975
0.06606 0.04061 0.02791 0.3965 0.181
0.1118 0.08297 0.0889 0.3639 0.1767
0.05364 0.03126 0.05051 0.2322 0.1119
0.08025 0.05936 0.05501 0.6943 0.2208
0.07364 0.0424 0.04741 0.7026 0.1712
0.05259 0.01162 0.01998 0.2914 0.1609
0.1028 0.02501 0.03188 0.4784 0.2073
0.09498 0.01893 0.03391 0.5372 0.2388
0.04781 0.0146 0.02387 0.239 0.1288
0.0311 0.01898 0.01698 0.189 0.07283
0.02076 0.01432 0.01985 0.08867 0.06227
0.09756 0.05328 0.06446 0.6305 0.2393
0.08632 0.01259 0.01715 0.3155 0.2009
0.0917 0.01882 0.02741 0.4695 0.2095
0.1401 0.03799 0.03732 0.3853 0.255
0.08783 0.03055 0.02681 0.5539 0.2701
0.07731 0.02722 0.05081 0.3446 0.149
0.08751 0.03057 0.03576 0.6335 0.2024
0.07953 0.03033 0.03407 0.2489 0.1456
0.1244 0.03374 0.05196 0.6133 0.1848
0.05182 0.03414 0.04205 0.6956 0.1546
0.1203 0.03082 0.05042 0.5588 0.1847
0.07593 0.03318 0.03497 0.6091 0.1785
0.07752 0.02868 0.02664 0.5274 0.1864
0.06018 0.02499 0.03695 0.5409 0.1813
0.05598 0.02995 0.04815 0.5186 0.1447
0.02923 0.004899 0.01343 0.04833 0.05013
0.02899 0.01094 0.01818 0.02398 0.02899
0.05439 0.02239 0.03049 0.503 0.2258
0.02031 0.01102 0.0139 0.2085 0.1112
0.05669 0.01764 0.02595 0.4023 0.1424
0.09961 0.1006 0.09723 0.7242 0.2493
0.06158 0.02147 0.02185 0.3664 0.1492
0.05252 0.01384 0.01452 0.3728 0.1607
0.1009 0.03994 0.05554 0.7345 0.2378
0.005917 0.01646 0.01588 0.0688 0.02564
0.0734 0.02336 0.02905 0.5006 0.2088
0.02749 0.01427 0.02322 0.305 0.06548
0.03384 0.01382 0.02095 0.2282 0.1282
0.01115 0.009758 0.01168 0.05523 0.03715
0.01723 0.01177 0.01079 0.105 0.08586
0.01349 0.00838 0.01311 0.09203 0.06296
0.106 0.02961 0.02817 0.2623 0.1325
0.03334 0.0103 0.01603 0.2712 0.153
0.02278 0.008722 0.01349 0.09076 0.06316
0.08994 0.02306 0.02945 0.3879 0.2091
0.08123 0.02855 0.02572 0.3587 0.1834
0.004167 0.008593 0.000692 0.001845 0.01111
0.007799 0.01055 0.01981 0.1168 0.04419
0.0129 0.01099 0.007665 0.02168 0.02579
0.009259 0.03162 0.03 0.09001 0.02778
0.08653 0.07056 0.06899 0.6922 0.1785
0.0218 0.03938 0.04312 0.1397 0.05087
0.06873 0.02648 0.02973 0.4024 0.1716
0.09029 0.0231 0.02315 0.3024 0.1614
0.01504 0.01755 0.01714 0.09412 0.06517
0.0223 0.009216 0.02063 0.1444 0.06961
0.04375 0.08606 0.3038 1.252 0.175
0.02864 0.005612 0.01585 0.1039 0.05882
0.07951 0.01652 0.02269 0.2687 0.1789
0.02872 0.09368 0.05671 0.1434 0.04786
0.07944 0.05616 0.04252 0.6566 0.1899
0.05069 0.02065 0.01759 0.2779 0.1383
0.02272 0.01819 0.01826 0.1703 0.0866
0.06638 0.02203 0.035 0.2829 0.152
0.06556 0.02839 0.01162 0.08539 0.07407
0.108 0.05839 0.04658 0.3786 0.2102
0.1604 0.06835 0.1091 0.7681 0.2508
0.02315 0.01661 0.02071 0.1731 0.07926
0.02233 0.01706 0.02586 0.1755 0.06127
0.06987 0.03575 0.0398 0.4858 0.1708
0.1845 0.05693 0.0573 0.6476 0.2867
0.1469 0.0605 0.02134 0.2432 0.1841
0.01863 0.01812 0.02007 0.2267 0.07632
0.08795 0.01649 0.02806 0.3157 0.1642
0.04938 0.02983 0.05371 0.3349 0.1225
0.08271 0.01842 0.0371 0.5755 0.1956
0.03745 0.02493 0.02703 0.2434 0.1205
0.07064 0.04412 0.04436 0.2604 0.1397
0.02957 0.01818 0.01121 0.09189 0.06946
0.07483 0.02444 0.04531 0.2846 0.1476
0.02648 0.01038 0.01358 0.135 0.1001
0.0278 0.01491 0.01872 0.1381 0.07911
0.08815 0.03715 0.04867 0.5203 0.2115
0.08683 0.03482 0.04232 0.4098 0.1573
0.02941 0.01179 0.01131 0.0498 0.05882
0.007937 0.01463 0.005308 0.02049 0.02381
0.0335 0.0133 0.01693 0.1922 0.08449
0.05839 0.02895 0.03321 0.3194 0.1565
0.04489 0.01488 0.02647 0.3169 0.1184
0 0.01084 0 0 0
0.0177 0.006098 0.01069 0.1145 0.07431
0.03029 0.02196 0.03029 0.2644 0.09749
0.01201 0.02219 0.0288 0.07987 0.03203
0.09601 0.02912 0.05473 0.6376 0.1986
0.03485 0.0231 0.02945 0.2873 0.1218
0.01921 0.01047 0.01167 0.1937 0.08442
0.1823 0.08668 0.104 0.9608 0.291
0.01899 0.01557 0.02443 0.312 0.08278
0.01778 0.02932 0.02722 0.13 0.05334
0.06021 0.04042 0.05101 0.2216 0.1105
0.07798 0.07446 0.1435 0.6783 0.1505
0.03068 0.03747 0.04591 0.1295 0.06136
0.01924 0.02213 0.03259 0.2456 0.105
0.02008 0.02507 0.01835 0.1503 0.07247
0.02308 0.0676 0.09263 0.1544 0.03846
0.08923 0.02563 0.03011 0.4704 0.2027
0.09479 0.03976 0.0595 0.7356 0.2034
0.05596 0.008422 0.02291 0.2249 0.1185
0.02623 0.01529 0.01514 0.2102 0.08958
0.08665 0.02101 0.03342 0.3272 0.1674
0.2012 0.09806 0.1278 0.5803 0.2248
0.05778 0.01276 0.02882 0.256 0.1221
0.028 0.0327 0.04957 0.3308 0.08978
0.01141 0.009169 0.009127 0.08115 0.05104
0.03085 0.01174 0.01796 0.3796 0.1329
0.05627 0.02731 0.0404 0.3207 0.1218
0.08534 0.04185 0.03204 0.196 0.1423
0.1149 0.03179 0.04755 0.5673 0.1732
0.02882 0.02456 0.01018 0.09915 0.08187
0.08087 0.01484 0.02813 0.3791 0.1514
0.05613 0.01952 0.02219 0.2992 0.1312
0.05933 0.01515 0.01678 0.1709 0.1374
0.06847 0.01422 0.02855 0.3965 0.1379
0.02704 0.01202 0.02332 0.2177 0.09331
0.026 0.0138 0.02662 0.1046 0.06968
0.02875 0.01521 0.01434 0.1399 0.08476
0.08624 0.0348 0.06577 0.3355 0.1667
0.04796 0.03498 0.02187 0.08669 0.08611
0 0.005656 0 0 0
0.05943 0.01938 0.03067 0.2802 0.1216
0.01861 0.01735 0.01158 0.07708 0.06402
0.03088 0.01563 0.0151 0.209 0.1012
0.007875 0.01781 0.02018 0.09755 0.03413
0.03003 0.04741 0.02789 0.0942 0.06042
0.07415 0.03633 0.04649 0.4504 0.1865
0.03562 0.04877 0.05303 0.25 0.08405
0.05532 0.02297 0.03114 0.3103 0.1599
0.01329 0.01592 0.0178 0.1564 0.06019
0.02645 0.01142 0.01949 0.08112 0.06296
0.02168 0.05416 0.07753 0.5381 0.07879
0.07857 0.09586 0.396 0.8216 0.1571
0.01786 0.008985 0.01196 0.07116 0.05506
0.03483 0.02017 0.03047 0.3009 0.09722
0.02331 0.01562 0.01994 0.1943 0.08211
0.1054 0.04954 0.05206 0.3583 0.1515
0.02771 0.02661 0.03056 0.1882 0.08436
0.01963 0.009789 0.008342 0.08636 0.07025
0.006588 0.006134 0.001835 0.01854 0.03953
0.03738 0.02405 0.04167 0.1956 0.07909
0.09667 0.03055 0.04344 0.2264 0.1777
0.1286 0.02277 0.04029 0.681 0.2247
0.02822 0.03175 0.03125 0.1688 0.08194
0.09702 0.02544 0.02822 0.3948 0.2346
0.01939 0.007983 0.008268 0.0775 0.05754
0.01698 0.009816 0.01099 0.1047 0.04603
0.06576 0.0247 0.02626 0.2318 0.1474
0.1043 0.03634 0.04644 0.489 0.1721
0.03781 0.0137 0.007276 0.06648 0.08485
0.037 0.0118 0.01683 0.1242 0.09391
0.03438 0.01063 0.02151 0.2644 0.116
0.1097 0.02321 0.04303 0.583 0.1827
0.02583 0.02121 0.01453 0.03938 0.04306
0 0.01017 0 0 0
0 0.008007 0 0 0
0.03716 0.08808 0.1197 0.3486 0.0991
0.08866 0.04094 0.05371 0.5862 0.2035
0.001852 0.002252 0.001595 0.007977 0.009259
0.0133 0.006364 0.00618 0.02758 0.0399
0.1878 0.02537 0.03109 0.534 0.2688
0.1496 0.04759 0.03872 0.678 0.2903
0.05189 0.02263 0.01954 0.2902 0.1541
0.02361 0.03728 0.05915 0.1648 0.06296
0.03263 0.01395 0.01774 0.363 0.1226
0.002404 0.012 0.001597 0.00692 0.01042
0.05814 0.009181 0.01412 0.3538 0.1571
0.03239 0.008704 0.01978 0.1521 0.1099
0.01553 0.008776 0.01556 0.08803 0.04306
0.01654 0.02212 0.02117 0.1423 0.04815
0.06618 0.1354 0.1166 0.8488 0.1772
0.02864 0.0179 0.02176 0.05186 0.04773
0 0.006736 0 0 0
0.04562 0.03845 0.03763 0.4425 0.1459
0.08878 0.05122 0.05551 0.4589 0.1727
0.02377 0.01587 0.02321 0.1764 0.08235
0.06526 0.03348 0.04665 0.3809 0.1673
0.05778 0.05296 0.0611 0.2535 0.09181
0.06772 0.03698 0.02706 0.3865 0.1708
0.0598 0.01597 0.02 0.4967 0.1838
0.04107 0.01779 0.01401 0.1377 0.108
0.07488 0.02569 0.02713 0.3508 0.1939
0.162 0.05121 0.08958 0.7892 0.2733
0.09176 0.03108 0.03112 0.4646 0.2013
0.03821 0.01911 0.02701 0.2671 0.1015
0.04079 0.01919 0.02039 0.3327 0.1252
0.01952 0.01249 0.007975 0.06213 0.05588
0.0539 0.01503 0.01946 0.1932 0.1096
0.05102 0.03041 0.02526 0.3162 0.1126
0.03157 0.01236 0.01841 0.2962 0.1035
0.09561 0.03611 0.05489 0.3861 0.192
0.01393 0.01727 0.02045 0.1471 0.06913
0.1595 0.02772 0.06389 0.3201 0.1595
0.06597 0.08555 0.1438 0.2803 0.1099
0.06462 0.0371 0.03688 0.3744 0.1772
0.05602 0.03438 0.03909 0.4636 0.1654
0.03142 0.04192 0.05946 0.2806 0.1138
0.01071 0.0312 0.05774 0.1925 0.03571
0.08691 0.03169 0.03446 0.3617 0.182
0.06637 0.02644 0.02664 0.3995 0.1625
0.02563 0.01695 0.01652 0.1759 0.08056
0.04451 0.02314 0.02544 0.2577 0.0909
0.01915 0.014 0.008534 0.06572 0.05575
0.06462 0.02374 0.02384 0.3976 0.1479
0.02456 0.01104 0.02259 0.1786 0.09678
0.04603 0.01428 0.0236 0.1632 0.1087
0.01216 0.008061 0.002817 0.02639 0.04464
0.0378 0.03207 0.03644 0.3402 0.1379
0.02036 0.02294 0.03016 0.3911 0.118
0.06861 0.03858 0.04683 0.6282 0.1977
0.109 0.02008 0.03055 0.5018 0.2543
0.003125 0.01647 0.01633 0.1089 0.02083
0.006434 0.006813 0.003223 0.02318 0.03002
0.0834 0.02062 0.03457 0.4146 0.1563
0.01667 0.0104 0.01186 0.07161 0.07222
0.01896 0.01383 0.007302 0.06231 0.07963
0.1237 0.02863 0.04497 0.582 0.2593
0.06022 0.03133 0.04257 0.3158 0.1445
0.04408 0.02845 0.0385 0.3064 0.08219
0.08811 0.02785 0.02602 0.3241 0.2066
0.03731 0.01248 0.0181 0.1533 0.09222
0.01108 0.00493 0.006493 0.06243 0.04052
0.02854 0.05914 0.0888 0.7436 0.1218
0.02344 0.02667 0.03371 0.1359 0.06106
0.08886 0.03252 0.03915 0.3458 0.1564
0.0307 0.01386 0.01865 0.1181 0.06736
0.01105 0.01569 0.03079 0.2298 0.0497
0.0398 0.05592 0.08158 0.7727 0.1561
0.01615 0.01035 0.01081 0.1125 0.06136
0.02929 0.01228 0.02105 0.1804 0.09608
0.131 0.03908 0.09518 0.6991 0.2105
0.02069 0.01065 0.01245 0.08105 0.06544
0.0974 0.05057 0.068 0.8489 0.2507
0.08353 0.01503 0.02332 0.3378 0.1857
0.08591 0.018 0.02749 0.4317 0.1999
0.05246 0.02679 0.03119 0.3209 0.1374
0.1144 0.04765 0.03863 0.4251 0.1941
0.1242 0.04588 0.04983 0.4429 0.2229
0.1377 0.05995 0.08232 0.6181 0.2462
0.08399 0.02556 0.02889 0.5703 0.2014
0.09333 0.01578 0.02117 0.3788 0.1697
0.02837 0.01106 0.01246 0.1211 0.08235
0.07507 0.05981 0.04638 0.2298 0.1528
0.02847 0.009105 0.01311 0.226 0.08568
0.06527 0.01206 0.02048 0.3889 0.1984
0.08646 0.01478 0.02143 0.3442 0.1659
0.02642 0.03581 0.03354 0.1916 0.07926
0.02142 0.02406 0.03099 0.1453 0.06189
0.01615 0.02178 0.02589 0.1992 0.0578
0.02867 0.04785 0.07339 0.2534 0.086
0.00625 0.00371 0.004826 0.03866 0.03333
0.02755 0.01122 0.01282 0.1275 0.0875
0.1088 0.0496 0.06329 0.5807 0.1841
0.01407 0.01067 0.008347 0.04043 0.05159
0.04744 0.01169 0.01622 0.208 0.1136
0.07404 0.01489 0.01267 0.07153 0.08946
0.003333 0.008998 0.001487 0.004955 0.01111
0.05843 0.01114 0.02623 0.221 0.1294
0.01238 0.005274 0.01065 0.106 0.05185
0.03711 0.01541 0.01457 0.1456 0.09993
0.09664 0.02449 0.03988 0.5754 0.1872
0.02763 0.01442 0.01514 0.06735 0.0829
0.09464 0.02199 0.03059 0.4316 0.2252
0.09052 0.03481 0.03872 0.5026 0.1732
0.0339 0.03961 0.07927 0.3344 0.1017
0.002924 0.008008 0.00186 0.005579 0.008772
0.03791 0.05156 0.04387 0.2365 0.1155
0.01171 0.01345 0.01652 0.1186 0.05366
0.05588 0.08262 0.08099 0.1546 0.09314
0.02173 0.01395 0.01376 0.07529 0.06203
0.06602 0.1064 0.0996 0.222 0.1021
0.04819 0.02115 0.01536 0.1804 0.1489
0.0337 0.02003 0.02335 0.2241 0.1056
0.0228 0.015 0.01412 0.1316 0.0914
0.01924 0.0118 0.006564 0.05233 0.06343
0.01917 0.008153 0.004272 0.03732 0.05802
0.01369 0.01221 0.01072 0.02884 0.03194
0.03515 0.01005 0.01272 0.0612 0.0716
0.01374 0.01377 0.01079 0.1565 0.0753
0.01875 0.01443 0.01861 0.04158 0.03125
0.1062 0.03203 0.05638 0.6121 0.198
0.03099 0.03369 0.04712 0.1904 0.07625
0.128 0.04732 0.07649 0.4932 0.1923
0.0178 0.009362 0.01808 0.08423 0.06528
0.01502 0.02652 0.02221 0.1226 0.05509
0.01313 0.02337 0.01596 0.07239 0.04815
0.003261 0.007861 0.001128 0.0112 0.025
0.003472 0.004883 0.003681 0.01472 0.01389
0.004419 0.003746 0.00203 0.01379 0.0221
0.008829 0.004711 0.002831 0.01824 0.03532
0.01148 0.00911 0.01042 0.07915 0.05741
0.01877 0.006021 0.005325 0.04746 0.05813
0.02548 0.02768 0.03137 0.1769 0.08411
0.008907 0.0134 0.01003 0.08324 0.04715
0 0.01403 0 0 0
0.006423 0.003012 0.00262 0.01938 0.02784
0.005051 0.005767 0.01123 0.04116 0.01852
0.0795 0.01659 0.02408 0.3853 0.1776
0.04908 0.0659 0.1027 0.4609 0.1145
0.01699 0.01079 0.009959 0.02237 0.02832
0.03965 0.04265 0.04004 0.1898 0.09744
0.07726 0.01376 0.02645 0.2606 0.1425
0.034 0.02016 0.01902 0.1791 0.1155
0.1504 0.02431 0.0319 0.5344 0.2685
0.01692 0.01418 0.01051 0.1167 0.05556
0.02107 0.009514 0.01329 0.102 0.05602
0.02733 0.01132 0.005717 0.05307 0.0589
0.005592 0.006887 0.001184 0.007732 0.02796
0.08488 0.02083 0.03248 0.3597 0.1583
0.07981 0.03756 0.05839 0.3344 0.1047
0.07041 0.03245 0.03715 0.4956 0.1981
0.0295 0.03255 0.04393 0.3439 0.09858
0.007583 0.01104 0.003297 0.01335 0.02022
0.002941 0.007124 0.0009737 0.005518 0.01667
0.008535 0.008432 0.007004 0.03619 0.03983
0.09934 0.01797 0.04502 0.392 0.1827
0.02098 0.02305 0.03113 0.145 0.0585
0.0609 0.03897 0.03914 0.4634 0.2048
0.01775 0.01449 0.0169 0.1055 0.06499
0.141 0.01971 0.03582 0.4819 0.2089
0.04223 0.03053 0.0384 0.3755 0.1414
0.02292 0.03471 0.05028 0.4341 0.0812
0.03341 0.01877 0.02758 0.2299 0.1075
0.1103 0.03368 0.04345 0.4734 0.2255
0.0325 0.01097 0.01651 0.1087 0.07864
0.02037 0.04671 0.02611 0.07162 0.04074
0.008488 0.01096 0.005832 0.04506 0.05093
0.03528 0.01506 0.01855 0.2151 0.1251
0.02322 0.008548 0.0094 0.09823 0.06548
0.01787 0.02417 0.007816 0.03122 0.04766
0.01162 0.006991 0.005949 0.03046 0.04262
0.1242 0.06559 0.09953 0.6872 0.2135
0.1913 0.04243 0.04266 0.6451 0.2756
0.06553 0.02431 0.04912 0.4029 0.1526
0.01471 0.03387 0.04505 0.1201 0.03922
0.04391 0.04235 0.06271 0.2388 0.09265
0.05603 0.03932 0.05112 0.2573 0.1258
0.02088 0.007939 0.005254 0.05285 0.05556
0.02381 0.02899 0.03214 0.09441 0.04762
0.01406 0.008982 0.02348 0.1144 0.05052
0.005449 0.004693 0.0007929 0.003581 0.01635
0.02424 0.02045 0.01795 0.1212 0.05614
0.01781 0.01646 0.01529 0.1255 0.08312
0.04835 0.01805 0.01832 0.1663 0.09123
0.01473 0.0125 0.01451 0.1364 0.06987
0.07785 0.01906 0.02375 0.2702 0.1765
0.1265 0.04674 0.05904 0.3703 0.2152
0.02027 0.01388 0.02 0.2413 0.08829
0.08465 0.01112 0.02096 0.2861 0.182
0.1501 0.02821 0.03576 0.4756 0.2432
0.08773 0.03917 0.06072 0.7087 0.2248
0.02657 0.01485 0.01551 0.1362 0.08178
0.1255 0.02675 0.03437 0.4024 0.1966
0.08941 0.01895 0.02681 0.4159 0.2112
0.02031 0.01587 0.01169 0.1346 0.06987
0.05397 0.01812 0.01951 0.2114 0.1251
0.05941 0.07643 0.1535 0.603 0.1465
0.01117 0.01203 0.007508 0.07934 0.05781
0.02471 0.02984 0.02443 0.2569 0.1054
0.06367 0.04549 0.04588 0.8402 0.2524
0.0555 0.01777 0.02101 0.2247 0.1318
0.02074 0.01903 0.01723 0.1553 0.06754
0.02978 0.0456 0.04305 0.2912 0.1092
0.0288 0.03705 0.04757 0.3206 0.09804
0.02864 0.02073 0.02828 0.2866 0.09173
0.05271 0.01742 0.03389 0.2675 0.1359
0.02534 0.03026 0.04344 0.3076 0.0914
0.008507 0.01415 0.01988 0.1091 0.04537
0.02757 0.06669 0.09472 0.3021 0.08272
0.1021 0.04097 0.07469 0.3829 0.1825
0.01968 0.01365 0.008496 0.08615 0.06696
0 0.01966 0 0 0
0.09113 0.02928 0.04972 0.5553 0.2121
0.1562 0.03726 0.04718 0.7053 0.2422
0.03326 0.01631 0.01843 0.1603 0.06266
0.03251 0.01273 0.01132 0.0846 0.07911
0.05381 0.01957 0.03304 0.3438 0.1453
0.04083 0.03477 0.04545 0.1901 0.08296
0.007246 0.01469 0.0194 0.2079 0.05556
0.01638 0.01964 0.02079 0.1449 0.05356
0.1198 0.03718 0.06165 0.9034 0.1964
0.01796 0.01204 0.01376 0.1514 0.06876
0.01883 0.03713 0.03452 0.1604 0.06608
0.0239 0.01285 0.01613 0.181 0.08388
0.02054 0.008491 0.01307 0.04921 0.04793
0.02932 0.02134 0.0199 0.1412 0.07887
0.04528 0.01246 0.01831 0.231 0.1129
0.01867 0.0448 0.05175 0.1838 0.05601
0.08824 0.02772 0.02509 0.3301 0.1974
0.02653 0.0231 0.02059 0.1377 0.09532
0.021 0.009947 0.01163 0.1811 0.08698
0.0248 0.009355 0.01056 0.1067 0.07431
0.005128 0.02674 0.03735 0.1868 0.02564
0.03876 0.02808 0.03312 0.3114 0.1308
0.02739 0.01427 0.02489 0.1547 0.06575
0.02179 0.03053 0.0163 0.1164 0.08263
0.01257 0.01674 0.01367 0.06141 0.0377
0.08481 0.03889 0.04493 0.4211 0.2134
0.02402 0.01263 0.009075 0.09385 0.08224
0.01076 0.009442 0.006972 0.03582 0.04306
0.01428 0.02047 0.04447 0.256 0.06664
0.063 0.05244 0.05278 0.3219 0.1108
0.04497 0.02005 0.02631 0.2302 0.1105
0.04812 0.02809 0.03669 0.366 0.1407
0.01967 0.01885 0.006021 0.02085 0.04589
0.005159 0.005697 0.002074 0.01235 0.02579
0.02218 0.03867 0.05263 0.2939 0.0931
0.01404 0.02148 0.02991 0.1927 0.07485
0.0137 0.006263 0.009398 0.0458 0.04044
0.01835 0.01174 0.005383 0.03469 0.03612
0.09711 0.06213 0.07926 0.9019 0.2475
0.02799 0.03295 0.04861 0.2403 0.0737
0.1259 0.02715 0.05546 0.5308 0.2173
0.08744 0.04088 0.05321 0.3912 0.1708
0.02877 0.01665 0.01461 0.122 0.07971
0.06463 0.01791 0.02185 0.4069 0.1827
0.0209 0.01362 0.007066 0.07127 0.06384
0.02944 0.01295 0.01608 0.1117 0.07453
0.02293 0.01095 0.005812 0.04753 0.0589
0.02652 0.009238 0.009213 0.0626 0.08216
0.03613 0.04638 0.0643 0.4779 0.1555
0.05736 0.04308 0.04942 0.5036 0.1739
0.009937 0.01156 0.007741 0.03517 0.03312
0.01111 0.01331 0.01993 0.03986 0.02222
0.06254 0.0156 0.02975 0.429 0.1535
0.04274 0.02025 0.02334 0.1609 0.1202
0.08293 0.02015 0.03697 0.6399 0.197
0.0226 0.01171 0.01758 0.206 0.08308
0.02925 0.02048 0.03379 0.3779 0.09594
0.1155 0.02075 0.03185 0.4399 0.228
0.02386 0.06063 0.06663 0.3218 0.0875
0.09063 0.01929 0.04907 0.3977 0.1466
0.01945 0.02589 0.02941 0.1811 0.07116
0.06495 0.01251 0.01615 0.1373 0.1069
0.02272 0.008539 0.01256 0.1887 0.09851
0.03264 0.01246 0.007936 0.07003 0.07763
0.02017 0.02418 0.04275 0.2923 0.06835
0.02068 0.008082 0.0151 0.139 0.06005
0.01762 0.008974 0.005681 0.04462 0.05921
0.01043 0.0127 0.0145 0.0719 0.04866
0.06431 0.02219 0.02721 0.2639 0.1555
0.1689 0.05374 0.08055 0.6833 0.2625
0.01737 0.01679 0.01971 0.1472 0.05563
0.01777 0.01701 0.0208 0.186 0.08288
0.0287 0.01493 0.01564 0.1876 0.1045
0.02833 0.06657 0.07683 0.6556 0.1357
0.0351 0.03179 0.04615 0.4504 0.1181
0.005769 0.01257 0.01031 0.06409 0.025
0.1002 0.07025 0.06591 0.5165 0.1996
0.05564 0.03206 0.04961 0.3186 0.1416
0.01514 0.01989 0.02714 0.1277 0.0656
0.02377 0.01555 0.01465 0.05524 0.05547
0.03221 0.0177 0.0231 0.3151 0.1147
0 0.008243 0 0 0
0.01571 0.03093 0.02757 0.3365 0.07966
0.03078 0.01796 0.03318 0.3476 0.09783
0.03058 0.03288 0.02821 0.2512 0.1339
0.01339 0.01315 0.009904 0.1384 0.06222
0.01969 0.02114 0.04156 0.2596 0.07431
0.09194 0.0547 0.08079 0.5897 0.1775
0.01527 0.01666 0.01397 0.162 0.0569
0.0207 0.01082 0.0153 0.1673 0.0815
0.05266 0.01452 0.01334 0.1848 0.1335
0.0316 0.008186 0.01698 0.1742 0.09077
0.06211 0.0182 0.03336 0.4004 0.1452
0.04846 0.07471 0.1114 0.4896 0.1342
0.02791 0.01393 0.018 0.2437 0.07828
0.1194 0.02833 0.04256 0.5936 0.206
0.03132 0.01292 0.01851 0.149 0.09815
0.02307 0.01446 0.01423 0.2477 0.08737
0.01261 0.01205 0.00941 0.123 0.06335
0.04178 0.008274 0.01153 0.1048 0.08341
0.07762 0.027 0.03737 0.2544 0.1489
0.01149 0.01003 0.006416 0.01674 0.0268
0.01256 0.02052 0.01341 0.07698 0.04195
0.04951 0.01371 0.02153 0.17 0.1017
0.05074 0.02502 0.02636 0.3582 0.1407
0.02369 0.01371 0.01346 0.2028 0.1053
0.09183 0.03214 0.04435 0.3533 0.1663
0.1121 0.02791 0.04062 0.5179 0.2113
0.06142 0.01819 0.01996 0.1856 0.1018
0.06759 0.03856 0.03476 0.3381 0.1521
0.03279 0.01567 0.02575 0.1889 0.08411
0.1003 0.03356 0.03976 0.3794 0.2264
0.05252 0.04542 0.03483 0.2099 0.1025
0.07038 0.04888 0.05189 0.2913 0.1075
0.02166 0.02198 0.03966 0.3535 0.08088
0.04268 0.02348 0.018 0.1256 0.09514
0.04563 0.01203 0.0247 0.1947 0.1357
0.0852 0.0494 0.06019 0.5911 0.2163
0.02639 0.03916 0.04017 0.269 0.1056
0.02541 0.01197 0.01482 0.1101 0.07955
0.08172 0.02265 0.03452 0.5106 0.2051
0.04349 0.01812 0.03035 0.2492 0.09186
0.04335 0.0163 0.02967 0.2866 0.112
0.02594 0.01641 0.02099 0.1624 0.08542
0.09451 0.01877 0.02913 0.3759 0.151
0.09431 0.02303 0.03052 0.4185 0.1613
0.05303 0.02329 0.01405 0.1246 0.1096
0.02995 0.01561 0.01977 0.1423 0.08045
0.02421 0.0254 0.02197 0.09996 0.07262
0.1471 0.03212 0.03571 0.4658 0.2475
0.005664 0.0059 0.003846 0.02533 0.02832
0.03783 0.02251 0.02086 0.1935 0.1284
0.02416 0.02042 0.01062 0.08434 0.06528
0.0151 0.01762 0.01801 0.1754 0.08512
0.03152 0.01443 0.01509 0.2654 0.1427
0.02647 0.009169 0.008732 0.1791 0.107
0.06615 0.03247 0.04763 0.1559 0.1015
0.02798 0.01153 0.01798 0.1622 0.07393
0.0444 0.01815 0.01737 0.1366 0.101
0.02157 0.01727 0.0184 0.2758 0.0812
0.0188 0.007228 0.007078 0.1206 0.08704
0.1015 0.03089 0.04093 0.3092 0.1613
0.02788 0.03378 0.04401 0.2123 0.09861
0.1322 0.02616 0.04005 0.4433 0.2148
0.06139 0.02583 0.04645 0.4234 0.1362
0.04531 0.03495 0.01865 0.1395 0.1308
0 0.009692 0 0 0
0.01364 0.06457 0.09252 0.3393 0.05
0.02594 0.04112 0.05553 0.1797 0.06918
0.0389 0.04653 0.03829 0.404 0.1205
0.03027 0.01172 0.01947 0.1611 0.1095
0.03275 0.01372 0.01498 0.1062 0.07958
0.02369 0.02172 0.02615 0.1377 0.06845
0.02443 0.02099 0.02021 0.1049 0.07174
0.005495 0.007247 0.01012 0.04384 0.02381
0.02438 0.03084 0.02613 0.1783 0.08333
0.009615 0.01123 0.02337 0.0935 0.03846
0.00816 0.0187 0.01277 0.06194 0.03264

